8.5,0,1,0,0
9.5,1,0,0,1
10.5,0,1,0,1
11.5,1,0,0,1
12.5,0,1,0,0
13.5,1,0,0,1
14.5,0,1,0,1
15.5,1,0,0,1
16.5,0,1,0,0
17.5,1,0,0,1
18.5,0,1,0,1
19.5,1,0,0,1
20,1,0,0,0
20.5,0,0,0,1
21,0,1,0,0
21.5,0,0,1,0
22,1,0,0,1
22.5,0,1,1,0
23.5,0,2,2,0
24,0,3,3,0
24.5,2,0,0,0
25,3,0,0,0
25.5,0,2,0,0
26,0,3,0,0
26.5,1,0,0,0
27,0,1,0,0
27.5,0,0,1,0
28,0,0,0,1
28.5,0,0,0,2
29,0,0,0,3
29.5,0,0,2,0
30,0,0,3,0
30.5,0,0,0,1
31,0,0,1,0
31.5,0,1,0,0
32,1,0,0,0
32.5,2,0,0,2
33,3,0,0,3
33.5,0,2,2,0
34,0,3,3,0
34.5,1,0,0,0
35,0,0,0,1
35.5,0,1,0,0
36,0,0,1,0
36.5,1,0,0,0
37,0,1,0,0
37.5,0,0,0,1
38,0,0,1,0
38.5,2,0,0,2
39,3,0,0,3
39.5,0,0,1,0
40.5,1,0,0,0
41,0,1,0,0
41.5,1,0,0,0
41.75,0,1,0,0
42,0,0,1,0
42.25,0,0,0,1
42.5,0,0,1,0
43,1,0,0,0
43.5,0,1,0,0
44,1,0,0,0
44.5,1,0,0,0
45,0,1,0,0
45.5,1,0,0,0
45.75,0,1,0,0
46,0,0,1,0
46.25,0,0,0,1
46.5,0,0,1,0
47,1,0,0,0
47.5,0,1,0,0
48,1,0,0,0
48.5,1,0,0,0
49,0,1,0,0
49.5,1,0,0,0
49.75,0,1,0,0
50,0,0,1,0
50.25,0,0,0,1
50.5,0,0,1,0
51,1,0,0,0
51.5,0,1,0,0
52,1,0,0,0
52.5,0,0,0,1
53,0,0,1,0
53.5,0,0,0,1
54,0,0,1,0
54.5,2,2,0,0
55,3,3,0,0
55.5,1,1,0,0
56.5,2,0,0,0
57,3,0,0,0
57.5,0,2,0,0
58,0,3,0,0
58.5,1,0,0,0
59,0,1,0,0
59.5,0,0,1,0
60,0,0,0,1
60.5,0,0,0,2
61,0,0,0,3
61.5,0,0,2,0
62,0,0,3,0
62.5,0,0,0,1
63,0,0,1,0
63.5,0,1,0,0
64,1,0,0,0
64.5,2,0,0,2
65,3,0,0,3
65.5,0,2,2,0
66,0,3,3,0
66.5,1,0,0,0
67,0,0,0,1
67.5,0,1,0,0
68,0,0,1,0
68.5,1,0,0,0
69,0,1,0,0
69.5,0,0,0,1
70,0,0,1,0
70.5,2,0,0,2
71,3,0,0,3
71.5,0,0,1,0
72.5,1,0,0,0
72.75,0,1,0,0
73,1,0,0,0
73.25,0,1,0,0
73.5,1,0,0,0
74.5,0,0,2,0
75,0,0,3,0
75.5,0,0,0,2
76,0,0,0,3
76.5,0,0,0,1
76.75,0,0,1,0
77,0,0,0,1
77.25,0,0,1,0
77.5,0,0,0,1
78.5,0,2,0,0
79,0,3,0,0
79.5,2,0,0,0
80,3,0,0,0
80.5,1,0,0,0
80.75,0,1,0,0
81,1,0,0,0
81.25,0,1,0,0
81.5,1,0,0,0
82.5,0,0,2,0
83,0,0,3,0
83.5,0,0,0,2
84,0,0,0,3
84.5,0,0,0,1
85,0,0,1,0
85.5,0,0,0,1
86,0,0,1,0
86.5,2,2,0,0
87,3,3,0,0
87.5,1,1,0,0
88.5,2,0,0,0
89,3,0,0,0
89.5,0,2,0,0
90,0,3,0,0
90.5,1,0,0,0
91,0,1,0,0
91.5,0,0,1,0
92,0,0,0,1
92.5,0,0,0,2
93,0,0,0,3
93.5,0,0,2,0
94,0,0,3,0
94.5,0,0,0,1
95,0,0,1,0
95.5,0,1,0,0
96,1,0,0,0
96.5,2,0,0,2
97,3,0,0,3
97.5,0,2,2,0
98,0,3,3,0
98.5,1,0,0,0
99,0,0,0,1
99.5,0,1,0,0
100,0,0,1,0
100.5,1,0,0,0
101,0,1,0,0
101.5,0,0,0,1
102,0,0,1,0
102.5,2,0,0,2
103,3,0,0,3
103.5,0,0,1,0
104.5,2,0,0,0
105.5,3,0,1,0
106.5,0,2,0,0
107.5,0,3,0,1
108.5,0,0,0,2
109.5,0,1,0,3
110.5,0,0,2,0
111.5,1,0,3,0
112.5,2,0,2,0
113.5,3,1,3,1
114.5,0,2,0,2
115.5,1,3,1,3
116.5,0,2,2,0
117.5,1,3,3,1
118.5,2,0,0,2
119.5,3,1,1,3
120.5,1,0,0,0
121.5,0,1,0,0
122.5,0,0,1,0
123,0,0,0,1
123.5,0,0,1,0
124.5,0,0,0,1
125.5,0,0,1,0
126.5,0,1,0,0
127,1,0,0,0
127.5,0,1,0,0
128.5,1,0,0,0
129.5,0,1,0,0
130.5,0,0,1,0
131,0,0,0,1
131.5,0,0,1,0
132.5,0,1,1,0
133,0,1,1,0
133.5,1,0,0,1
134,0,1,1,0
134.5,2,0,0,2
135.5,3,1,1,3
136.5,2,0,0,0
137.5,3,0,1,0
138.5,0,2,0,0
139.5,0,3,0,1
140.5,0,0,0,2
141.5,0,1,0,3
142.5,0,0,2,0
143.5,1,0,3,0
144.5,2,0,2,0
145.5,3,1,3,1
146.5,0,2,0,2
147.5,1,3,1,3
148.5,0,2,2,0
149.5,1,3,3,1
150.5,2,0,0,2
151.5,3,1,1,3
152.5,1,0,0,0
153.5,0,1,0,0
154.5,0,0,1,0
155,0,0,0,1
155.5,0,0,1,0
156.5,0,0,0,1
157.5,0,0,1,0
158.5,0,1,0,0
159,1,0,0,0
159.5,0,1,0,0
160.5,1,0,0,0
161.5,0,1,0,0
162.5,0,0,1,0
163,0,0,0,1
163.5,0,0,1,0
164.5,0,1,1,0
165,0,1,1,0
165.5,1,0,0,1
166,0,1,1,0 
166.5,2,0,0,2
167.5,3,1,1,3
168.5,2,0,0,0
169,3,0,0,0
169.5,2,0,0,0
170,3,0,0,0
170.5,0,0,1,0
171,0,1,0,0
171.25,0,0,1,0
171.5,0,0,1,0
172.5,0,0,0,2
173,0,0,0,3
173.5,0,0,0,2
174,0,0,0,3
174.5,0,1,0,0
175,0,0,1,0
175.25,0,1,0,0
175.5,0,1,0,0
176.5,2,0,0,0
177,3,0,0,0
177.5,0,0,0,2
178,0,0,0,3
178.5,0,1,0,0
179,0,0,1,0
179.25,0,1,0,0
179.5,0,0,1,0
180.5,0,0,0,2
181,0,0,0,3
181.5,2,0,0,0
182,3,0,0,0
182.5,0,0,1,0
183,0,1,0,0
183.25,0,0,1,0
183.5,0,1,0,0
184.5,2,0,0,0
185.5,3,0,1,0
186.5,0,2,0,0
187.5,0,3,0,1
188.5,0,0,0,2
189.5,0,1,0,3
190.5,0,0,2,0
191.5,1,0,3,0
192.5,2,0,2,0
193.5,3,1,3,1
194.5,0,2,0,2
195.5,1,3,1,3
196.5,0,2,2,0
197.5,1,3,3,1
198.5,2,0,0,2
199.5,3,1,1,3
200.5,1,0,0,0
201.5,0,1,0,0
202.5,0,0,1,0
203,0,0,0,1
203.5,0,0,1,0
204.5,0,0,0,1
205.5,0,0,1,0
206.5,0,1,0,0
207,1,0,0,0
207.5,0,1,0,0
208.5,1,0,0,0
209.5,0,1,0,0
210.5,0,0,1,0
211,0,0,0,1
211.5,0,0,1,0
212.5,0,1,1,0
213,0,1,1,0
213.5,1,0,0,1
214,0,1,1,0 
214.5,2,0,0,2
215.5,3,1,1,3
216.5,2,0,0,0
217.5,3,0,1,0
218.5,0,2,0,0
219.5,0,3,0,1
220.5,0,0,0,2
221.5,0,1,0,3
222.5,0,0,2,0
223.5,1,0,3,0
224.5,2,0,2,0
225.5,3,1,3,1
226.5,0,2,0,2
227.5,1,3,1,3
228.5,0,2,2,0
229.5,1,3,3,1
230.5,2,0,0,2
231.5,3,1,1,3
232.5,1,0,0,0
233.5,0,0,1,0
234.5,1,0,0,0
235.5,0,0,1,0
236.5,1,0,0,0
237.5,0,0,1,0
238.5,1,0,0,0
239,0,0,1,0
239.5,0,0,0,1
240,0,1,0,0
240.5,1,0,0,0
241.5,0,0,1,0
242.5,1,0,0,0
243.5,0,0,1,0
244.5,1,0,0,0
245,0,0,0,1
245.5,1,0,0,0
246,0,0,0,1
246.5,0,1,0,0
247,0,0,1,0
247.5,0,1,0,0
248,0,0,1,0
248.5,1,0,0,0
249.5,0,0,1,0
250.5,1,0,0,0
251.5,0,0,1,0
252.5,1,0,0,0
253.5,0,0,1,0
254.5,1,0,0,0
255,0,0,1,0
255.5,0,0,0,1
256,0,1,0,0
256.5,1,0,0,0
257.5,0,0,1,0
258.5,1,0,0,0
259.5,0,0,1,0
260.5,1,0,0,0
261,0,0,0,1
261.5,1,0,0,0
262,0,0,0,1
262.5,0,1,0,0
263,0,0,1,0
263.5,0,1,0,0
264,0,0,1,0
264.5,0,1,0,0
265.5,0,0,0,1
266.5,0,1,0,0
267.5,0,0,0,1
268.5,0,1,0,0
269.5,0,0,0,1
270.5,0,1,0,0
271,0,0,0,1
271.5,0,0,1,0
272,1,0,0,0
272.5,0,1,0,0
273.5,0,0,0,1
274.5,0,1,0,0
275.5,0,0,0,1
276.5,0,1,0,0
277,0,0,1,0
277.5,0,1,0,0
278,0,0,1,0
278.5,1,0,0,0
279,0,0,0,1
279.5,1,0,0,0
280,0,0,0,1
280.5,0,1,0,0
281.5,0,0,0,1
282.5,0,1,0,0
283.5,0,0,0,1
284.5,0,1,0,0
285.5,0,0,0,1
286.5,0,1,0,0
287,0,0,0,1
287.5,0,0,1,0
288,0,1,0,0
288.5,1,0,0,0
289,0,1,0,0
289.5,1,0,0,0
290,0,1,0,0
290.5,1,0,0,0
291,0,0,1,0
291.5,1,0,0,0
292,0,0,0,1
292.5,0,0,0,1
293,0,0,1,0
293.5,0,0,0,1
294,0,0,1,0
294.5,0,0,0,1
295,0,1,0,0
295.5,0,0,0,1
296,1,0,0,0
296.5,1,0,0,0
297.5,0,0,1,0
298.5,1,0,0,0
299.5,0,0,1,0
300.5,1,0,0,0
301.5,0,0,1,0
302.5,1,0,0,0
303,0,0,1,0
303.5,0,0,0,1
304,0,1,0,0
304.5,1,0,0,0
305.5,0,0,1,0
306.5,1,0,0,0
307.5,0,0,1,0
308.5,1,0,0,0
309,0,0,0,1
309.5,1,0,0,0
310,0,0,0,1
310.5,0,1,0,0
311,0,0,1,0
311.5,0,1,0,0
312,0,0,1,0
312.5,1,0,0,0
313.5,0,0,1,0
314.5,1,0,0,0
315.5,0,0,1,0
316.5,1,0,0,0
317.5,0,0,1,0
318.5,1,0,0,0
319,0,0,1,0
319.5,0,0,0,1
320,0,1,0,0
320.5,1,0,0,0
321.5,0,0,1,0
322.5,1,0,0,0
323.5,0,0,1,0
324.5,1,0,0,0
325,0,0,0,1
325.5,1,0,0,0
326,0,0,0,1
326.5,0,1,0,0
327,0,0,1,0
327.5,0,1,0,0
328,0,0,1,0
328.5,0,1,0,0
329.5,0,0,0,1
330.5,0,1,0,0
331.5,0,0,0,1
332.5,0,1,0,0
333.5,0,0,0,1
334.5,0,1,0,0
335,0,0,0,1
335.5,0,0,1,0
336,1,0,0,0
336.5,0,1,0,0
337.5,0,0,0,1
338.5,0,1,0,0
339.5,0,0,0,1
340.5,0,1,0,0
341,0,0,1,0
341.5,0,1,0,0
342,0,0,1,0
342.5,1,0,0,0
343,0,0,0,1
343.5,1,0,0,0
344,0,0,0,1
344.5,0,1,0,0
345.5,0,0,0,1
346.5,0,1,0,0
347.5,0,0,0,1
348.5,0,1,0,0
349.5,0,0,0,1
350.5,0,1,0,0
351,0,0,0,1
351.5,0,0,1,0
352,0,1,0,0
352.5,1,0,0,0
353,0,1,0,0
353.5,1,0,0,0
354,0,1,0,0
354.5,1,0,0,0
355,0,0,1,0
355.5,1,0,0,0
356,0,0,0,1
356.5,0,0,0,1
357,0,0,1,0
357.5,0,0,0,1
358,0,0,1,0
358.5,0,0,0,1
359,0,1,0,0
359.5,0,0,0,1
360,1,0,0,0
362.5,0,0,2,0
363,0,0,3,0
363.5,0,0,0,2
364,0,0,0,3
364.5,0,0,0,1
364.75,0,0,1,0
365,0,0,0,1
365.25,0,0,1,0
365.5,0,0,0,1
366.5,0,2,0,0
367,0,3,0,0
367.5,2,0,0,0
368,3,0,0,0
368.5,1,0,0,0
368.75,0,1,0,0
369,1,0,0,0
369.25,0,1,0,0
369.5,1,0,0,0
370.5,0,0,2,0
371,0,0,3,0
371.5,0,0,0,2
372,0,0,0,3
372.5,0,0,0,1
373,0,0,1,0
373.5,0,0,0,1
374,0,0,1,0
374.5,2,2,0,0
375,3,3,0,0
375.5,1,1,0,0
376.5,2,0,0,0
377,3,0,0,0
377.5,0,2,0,0
378,0,3,0,0
378.5,1,0,0,0
379,0,1,0,0
379.5,0,0,1,0
380,0,0,0,1
380.5,0,0,0,2
381,0,0,0,3
381.5,0,0,2,0
382,0,0,3,0
382.5,0,0,0,1
383,0,0,1,0
383.5,0,1,0,0
384,1,0,0,0
384.5,2,0,0,2
385,3,0,0,3
385.5,0,2,2,0
386,0,3,3,0
386.5,1,0,0,0
387,0,0,0,1
387.5,0,1,0,0
388,0,0,1,0
388.5,1,0,0,0
389,0,1,0,0
389.5,0,0,0,1
390,0,0,1,0
390.5,2,0,0,2
391,3,0,0,3
391.5,0,0,1,0
392.5,1,0,0,0
392.75,0,1,0,0
393,1,0,0,0
393.25,0,1,0,0
393.5,1,0,0,0
394.5,0,0,2,0
395,0,0,3,0
395.5,0,0,0,2
396,0,0,0,3
396.5,0,0,0,1
396.75,0,0,1,0
397,0,0,0,1
397.25,0,0,1,0
397.5,0,0,0,1
398.5,0,2,0,0
399,0,3,0,0
399.5,2,0,0,0
400,3,0,0,0
400.5,1,0,0,0
400.75,0,1,0,0
401,1,0,0,0
401.25,0,1,0,0
401.5,1,0,0,0
402.5,0,0,2,0
403,0,0,3,0
403.5,0,0,0,2
404,0,0,0,3
404.5,0,0,0,1
405,0,0,1,0
405.5,0,0,0,1
406,0,0,1,0
406.5,2,2,0,0
407,3,3,0,0
407.5,1,1,0,0
408.5,2,0,0,0
409,3,0,0,0
409.5,0,2,0,0
410,0,3,0,0
410.5,1,0,0,0
411,0,1,0,0
411.5,0,0,1,0
412,0,0,0,1
412.5,0,0,0,2
413,0,0,0,3
413.5,0,0,2,0
414,0,0,3,0
414.5,0,0,0,1
415,0,0,1,0
415.5,0,1,0,0
416,1,0,0,0
416.5,2,0,0,2
417,3,0,0,3
417.5,0,2,2,0
418,0,3,3,0
418.5,1,0,0,0
419,0,0,0,1
419.5,0,1,0,0
420,0,0,1,0
420.5,1,0,0,0
421,0,1,0,0
421.5,0,0,0,1
422,0,0,1,0
422.5,2,0,0,2
423,3,0,0,3
423.5,0,0,1,0
424.5,1,0,0,0
425,0,1,0,0
425.5,1,0,0,0
425.75,0,1,0,0
426,0,0,1,0
426.25,0,0,0,1
426.5,0,0,1,0
427,1,0,0,0
427.5,0,1,0,0
428,1,0,0,0
428.5,1,0,0,0
429,0,1,0,0
429.5,1,0,0,0
429.75,0,1,0,0
430,0,0,1,0
430.25,0,0,0,1
430.5,0,0,1,0
431,1,0,0,0
431.5,0,1,0,0
432,1,0,0,0
432.5,1,0,0,0
433,0,1,0,0
433.5,1,0,0,0
433.75,0,1,0,0
434,0,0,1,0
434.25,0,0,0,1
434.5,0,0,1,0
435,1,0,0,0
435.5,0,1,0,0
436,1,0,0,0
436.5,0,0,0,1
437,0,0,1,0
437.5,0,0,0,1
438,0,0,1,0
438.5,2,2,0,0
439,3,3,0,0
439.5,1,1,0,0
440.5,2,0,0,0
441,3,0,0,0
441.5,0,2,0,0
442,0,3,0,0
442.5,1,0,0,0
443,0,1,0,0
443.5,0,0,1,0
444,0,0,0,1
444.5,0,0,0,2
445,0,0,0,3
445.5,0,0,2,0
446,0,0,3,0
446.5,0,0,0,1
447,0,0,1,0
447.5,0,1,0,0
448,1,0,0,0
448.5,2,0,0,2
449,3,0,0,3
449.5,0,2,2,0
450,0,3,3,0
450.5,1,0,0,0
451,0,0,0,1
451.5,0,1,0,0
452,0,0,1,0
452.5,1,0,0,0
453,0,1,0,0
453.5,0,0,0,1
454,0,0,1,0
454.5,2,0,0,2
455,3,0,0,3
455.5,0,0,1,0
456.5,2,0,0,0
457,3,0,0,0
457.5,0,2,0,0
458,0,3,0,0
458.5,1,0,0,0
459,0,1,0,0
459.5,0,0,1,0
460,0,0,0,1
460.5,0,0,0,2
461,0,0,0,3
461.5,0,0,2,0
462,0,0,3,0
462.5,0,0,0,1
463,0,0,1,0
463.5,0,1,0,0
464,1,0,0,0
464.5,2,0,0,2
465,3,0,0,3
465.5,0,2,2,0
466,0,3,3,0
466.5,1,0,0,0
467,0,0,0,1
467.5,0,1,0,0
468,0,0,1,0
468.5,1,0,0,0
469,0,1,0,0
469.5,0,0,0,1
470,0,0,1,0
470.5,2,0,0,2
471,3,0,0,3
471.5,0,0,1,0
472.5,1,0,0,0
473.5,0,0,1,0
474.5,1,0,0,0
475.5,0,0,1,0
476.5,1,0,0,0
477,0,0,0,1
477.5,1,0,0,0
478,0,0,0,1
478.5,0,1,0,0
479,0,0,1,0
479.5,0,1,0,0
480.5,1,0,0,0
481.5,0,0,1,0
482.5,1,0,0,0
483.5,0,0,1,0
484.5,1,0,0,0
485,0,0,0,1
485.5,1,0,0,0
486,0,0,0,1
486.5,0,1,0,0
487,0,0,1,0
487.5,0,1,0,0
488.5,1,0,0,0
489.5,0,0,1,0
490.5,1,0,0,0
491.5,0,0,1,0
492.5,1,0,0,0
493,0,0,0,1
493.5,1,0,0,0
494,0,0,0,1
494.5,0,1,0,0
495,0,0,1,0
495.5,0,1,0,0
496.5,0,0,0,1
497.5,1,0,0,0
498.5,0,0,0,1
499.5,1,0,0,0
500.5,0,0,1,0
501.5,0,1,0,0
502.5,0,0,1,0
503.5,0,1,0,0
504.5,0,0,0,1
505.5,1,0,0,0
506.5,0,0,0,1
507.5,1,0,0,0
508.5,0,0,1,0
509.5,0,1,0,0
510.5,0,0,1,0
511.5,0,1,0,0
512.5,0,0,0,1
513.5,1,0,0,0
514.5,0,0,0,1
515.5,1,0,0,0
516.5,0,0,1,0
517.5,0,1,0,0
518.5,0,0,1,0
519.5,0,1,0,0
520.5,0,0,0,1
521.5,1,0,0,0
522.5,0,0,0,1
523.5,1,0,0,0
524.5,0,0,1,0
525.5,0,1,0,0
526.5,0,0,1,0
527.5,0,1,0,0
528.5,0,1,0,0
529.5,0,0,0,1
530.5,0,1,0,0
531.5,0,0,0,1
532.5,0,1,0,0
533,0,0,1,0
533.5,0,1,0,0
534,0,0,1,0
534.5,1,0,0,0
535,0,0,0,1
535.5,1,0,0,0
536.5,1,0,0,0
537.5,0,0,1,0
538.5,1,0,0,0
539.5,0,0,1,0
540.5,1,0,0,0
541,0,0,0,1
541.5,1,0,0,0
542,0,0,0,1
542.5,0,1,0,0
543,0,0,1,0
543.5,0,1,0,0
544.5,1,0,0,0
545.5,0,0,1,0
546.5,1,0,0,0
547.5,0,0,1,0
548.5,1,0,0,0
549,0,0,0,1
549.5,1,0,0,0
550,0,0,0,1
550.5,0,1,0,0
551,0,0,1,0
551.5,0,1,0,0
552.5,1,0,0,0
553.5,0,0,1,0
554.5,1,0,0,0
555.5,0,0,1,0
556.5,1,0,0,0
557,0,0,0,1
557.5,1,0,0,0
558,0,0,0,1
558.5,0,1,0,0
559,0,0,1,0
559.5,0,1,0,0
560.5,0,0,0,1
561.5,1,0,0,0
562.5,0,0,0,1
563.5,1,0,0,0
564.5,0,0,1,0
565.5,0,1,0,0
566.5,0,0,1,0
567.5,0,1,0,0
568.5,0,0,0,1
569.5,1,0,0,0
570.5,0,0,0,1
571.5,1,0,0,0
572.5,0,0,1,0
573.5,0,1,0,0
574.5,0,0,1,0
575.5,0,1,0,0
576.5,0,0,0,1
577.5,1,0,0,0
578.5,0,0,0,1
579.5,1,0,0,0
580.5,0,0,1,0
581.5,0,1,0,0
582.5,0,0,1,0
583.5,0,1,0,0
584.5,0,0,0,1
585.5,1,0,0,0
586.5,0,0,0,1
587.5,1,0,0,0
588.5,0,0,1,0
589.5,0,1,0,0
590.5,0,0,1,0
591.5,0,1,0,0
592.5,0,1,0,0
593.5,0,0,0,1
594.5,0,1,0,0
595.5,0,0,0,1
596.5,0,1,0,0
597,0,0,1,0
597.5,0,1,0,0
598,0,0,1,0
598.5,1,0,0,0
599,0,0,0,1
599.5,1,0,0,0
600.5,2,2,2,2
608.5,3,3,3,3